8604
2891
7160
7213
3468
5913
7951
6076
9686
3230
7502
4475
5470
5726
2536
1139
7734
3218
2117
9882
5786
8709
8995
4082
7656
2166
2140
8205
3986
7930
7072
2636
8376
6569
6775
1156
5419
4161
7224
9383
5394
9296
7745
4061
9370
4381
3822
6257
9710
2442
3601
3692
5177
4104
4468
8504
3675
9867
8944
7008
9288
4471
3075
1296
5639
7273
4903
6625
4632
4006
6188
1093
5288
2474
8074
8597
2946
9865
6373
9171
5343
5403
3180
2462
8896
2749
3025
7757
3312
1958
6998
1858
1850
1963
3171
7775
5782
2606
1935
9782
3240
6429
8419
3196
2579
9965
3433
9755
9495
2199
7064
2165
2273
5728
2944
6482
3322
1915
6878
3577
4536
9888
6980
5766
8623
6194
8620
1054
8033
4091
4182
3669
6406
6728
7135
1712
1576
6642
9813
2525
2134
4589
3839
1807
1140
6981
4292
7128
1525
6816
5236
5341
9702
3284
2074
6561
6033
9863
6339
8743
5354
1724
2551
2420
2933
2523
6518
3681
3147
4249
9105
1988
1896
8880
3281
4841
5700
6830
1515
8232
6215
5382
3799
1931
9773
7159
6859
7256
6548
1890
6209
2578
5895
9389
5808
8656
3030
9679
6736
9973
5136
9911
4271
6694
7990
9713
6806
9716
3762
3385
6815
3442
5548
9407
9946
9885
2347
2375
9873
5641
6407
8008
2645
3702
1012
8018
4319
7265
1842
4510
9064
6926
7916
3255
2063
3945
9941
7220
6360
7207
4666
1062
9037
3002
3644
9746
4353
2718
1358
9528
7864
2235
9410
6891
7408
6624
2507
6524
5203
1419
2014
9784
6917
8602
3608
4376
4456
1606
5161
2599
7595
1827
7973
1056
5467
4720
1476
9170
1714
3093
8864
4165
2573
2663
3500
3660
2310
6699
5210
4919
7991
8209
3216
4086
3151
6683
9453
4560
8413
5247
2814
5158
4923
5525
7178
8703
4101
1968
7077
6247
5951
8102
3580
8690
1194
9498
2714
8319
7740
3534
7557
6922
9658
7676
7045
2237
7367
2276
2107
3787
5580
1226
1063
4303
5941
3485
4736
6442
6851
4982
1743
1589
2181
7718
1027
1336
7887
3884
7788
7251
1821
7275
7808
5652
7009
1259
1780
6448
9522
1912
1008
5327
4512
6648
5918
6317
6841
6535
1164
5883
4807
2555
5699
5100
1790
6353
9506
5545
9920
7708
5996
1130
7555
9473
1766
8009
8806
7514
6364
4575
1339
3203
2118
1150
6737
4891
7424
3760
1420
1281
3076
1474
4408
9086
9238
4677
2696
6604
3949
7310
8154
6713
1862
8803
4291
5002
2216
5184
9112
1864
5668
3974
5448
6662
4333
4759
5969
5557
2993
2722
9634
7798
5599
6892
1779
5972
7149
7140
6525
3738
6218
2487
1244
9557
3492
5255
1681
3511
6753
8211
3350
7389
3540
1723
4628
8375
7593
6682
9578
6957
3123
8397
6761
7695
5705
2552
2073
2652
2398
3162
1536
9364
2062
9990
4412
2850
9133
4180
7452
5742
4247
3187
2264
4411
6661
3114
6698
8940
9638
4260
2711
7187
6991
2833
5358
9063
6018
3910
4706
9183
5339
5980
1202
6329
3979
3889
5857
6759
7330
9530
9942
9839
4905
5090
8613
2797
1024
1900
3771
3887
7035
9569
8702
8448
9203
8351
8700
3950
2672
3085
9582
6369
5206
6961
4447
4294
7586
4237
7248
5881
9754
9101
2670
5405
5270
4930
7110
1461
3264
4818
3614
4005
7496
1922
1161
8780
6595
7454
4767
8173
7134
4540
6745
9785
7500
2980
9584
8816
5478
7550
1255
2358
4022
5838
6990
4077
5802
2076
1518
1424
1407
9154
3929
1985
1446
7492
6069
1598
5984
9449
2803
7651
8204
4404
5035
4683
4432
6643
3894
2039
3462
2659
8391
1473
3153
7639
3469
2630
1145
2648
6898
5014
3133
9624
4787
5691
2710
4038
7303
6175
6179
9431
7837
3576
1591
7297
3302
9176
8280
8128
9443
3586
1442
1631
7715
9343
5574
7936
4097
2927
4379
3175
4743
2793
5201
3728
6245
6773
4548
6968
8243
7312
8098
7532
3531
2395
6161
7963
1570
5066
2209
9125
9874
7202
8294
8889
6710
9303
9499
7347
8811
8521
4266
6954
8981
3739
6443
1964
7364
7884
4777
8915
8463
4449
9248
8061
9502
8145
5290
9371
3826
4665
7894
9193
1408
4418
1828
2186
9727
8568
6650
7944
6445
8599
8989
3696
6723
3600
5581
8928
6937
7983
2754
3647
4326
4262
4496
1894
7482
1090
8694
9460
6220
6251
5198
2575
7690
7242
5297
6734
5743
9225
6700
7964
5254
1601
4132
7169
6797
7960
8136
8897
9423
3109
2469
6795
2138
9372
7176
7407
4186
4638
2568
3585
7829
6070
7641
9165
6839
9334
3120
9413
9180
7326
6706
8499
6584
7945
4875
5498
4814
3581
9671
1757
4724
1571
5818
5226
9632
7329
8335
4465
8218
5925
4039
2500
6099
6838
3262
8625
6138
8141
8103
7390
5535
3528
7348
9339
6550
4890
5393
7142
5614
7300
1452
5968
5274
7937
8668
3070
1949
4035
4397
7152
7148
2290
4075
2543
7130
9179
2697
4913
2060
8839
9177
9053
8653
2182
5359
8142
7471
3773
7542
9016
2267
4174
5051
8636
9598
4242
4842
4273
3911
6479
8120
3935
9331
7830
3459
2247
8459
3559
1816
5414
5677
7867
3037
6570
3557
5558
7420
1435
7747
2894
7544
1521
1760
7607
7293
7855
2208
8630
2217
4650
3565
9191
8578
7095
1774
1207
8749
2359
1214
3834
2120
5070
5251
5433
7606
7136
3638
2767
2319
8081
5050
5202
6966
8133
2704
8387
6490
3064
6361
6162
8253
4100
1527
1496
1512
8804
1357
8980
6765
1438
1685
1119
2205
8910
4832
2852
7622
6440
5379
2715
7381
5877
7535
2816
8108
1429
8038
3409
4193
1952
5034
7874
4688
3474
1534
1990
6370
4693
9546
7065
4597
6388
9900
6649
8728
9858
3141
7539
9337
3132
2644
1199
6852
1808
8658
9576
9835
2581
5330
9250
5129
5287
8035
1517
1498
5620
9630
3308
9414
2009
9384
5531
9265
4844
1932
2119
9999
6727
1997
1479
3686
2218
3327
9162
7637
2435
6732
2392
5424
5767
1957
8985
6480
2304
7108
4546
9077
3583
2882
1481
5842
4708
5481
9666
8292
7663
2331
1765
8417
1810
8952
1661
9440
3232
4443
9090
4530
2950
2306
5144
9309
2016
5830
4369
1778
4370
8012
4996
6057
3818
9089
1701
3782
3966
3039
6959
3381
7909
3876
9221
6100
2848
5007
3499
1386
2524
6724
7530
5663
5814
2035
5069
5121
2147
8600
6897
1640
2668
8609
8561
9790
6349
1312
8206
3598
8745
3431
4633
2296
9327
8699
2162
2355
7200
1347
6472
7760
8758
6964
2049
5725
4640
9091
6669
8810
4549
5071
6938
3632
6621
8825
5221
1602
3555
2621
1945
4660
7311
6935
8978
9420
9307
7625
5106
1328
5822
7053
6531
3472
3537
3124
9484
4629
9323
3767
6084
6067
6460
1820
1694
4055
2788
2960
6696
4483
2561
3401
3551
8014
8725
5311
5924
3800
4825
7833
7388
7519
3449
4881
2145
3657
8775
4129
7573
9426
8139
6385
4948
8254
1686
4831
8763
1733
5244
5372
6330
4621
9286
1678
4322
6025
2825
6771
6281
8615
9280
5657
5367
9438
6436
4479
1211
2422
1946
1939
8729
8263
6879
1455
2529
6760
3067
8580
7360
7754
4738
5735
3202
8480
3603
5199
6985
9953
8215
9264
7597
9979
3412
5858
3288
7341
3184
3137
6140
3299
9802
6526
4250
8352
7313
6868
4445
1095
7562
5777
1405
4159
8193
6599
1809
4438
5036
8131
1959
8323
6208
4969
8946
8176
3450
3158
6357
1738
5350
3758
6146
8585
9792
6366
9715
7196
9012
5456
1728
6496
8392
3357
8631
8395
2032
2086
9358
8424
7696
9616
1523
9111
3481
4991
1511
8095
9123
1265
2137
4571
8213
9558
9027
7611
4895
1545
3214
6611
2245
9344
7904
8704
6027
5624
8388
2460
8371
9992
8842
2815
6587
2019
3652
2520
2996
2052
1852
1337
4854
1121
2429
5281
8156
1039
6160
9160
9600
3766
6474
3627
7790
4341
9360
8868
9326
3909
9153
9744
1494
6803
7938
8841
9427
2679
5455
6064
3297
5930
8437
2311
7710
8770
7027
7106
5109
7780
1920
5638
1269
9968
8060
8909
6124
1412
7350
3118
7866
6283
5003
1750
8917
7615
1066
4737
5701
3914
4215
9860
9987
6181
4079
4870
5860
7007
8967
8355
2366
2338
1178
1048
8305
5542
9401
5780
6562
8398
8589
6038
7182
4183
7851
1425
3981
4437
2973
8247
2577
7524
8528
1218
8994
4800
2605
3543
8779
9548
4729
1310
1081
8111
5396
6673
3622
9545
1885
6433
6248
2780
9669
4709
7436
3300
1836
5381
2887
2004
3962
8869
5001
8361
5771
6503
2935
1220
8426
2827
8714
9452
6021
4855
1844
2144
4194
8881
9206
3176
7962
2153
9838
2396
2251
2363
3060
7218
9917
3501
5017
8721
9654
5095
9195
4679
6197
8354
5059
8077
3735
4717
8805
7173
7354
9232
1600
1613
3575
2384
5087
3750
4955
5612
4119
4463
8845
3664
5322
3493
4573
1573
4544
9814
5348
3746
7644
8181
4834
1276
8240
9811
3772
7994
4185
5722
1188
3228
1597
4130
3503
8485
2885
7080
7898
6112
7649
7090
3895
5258
5037
6131
1270
1445
5204
8517
3597
9720
2329
1929
6155
8509
4419
1174
2625
2227
5770
1847
6896
1033
1462
6273
5922
4576
3707
5081
6748
8324
6973
6630
4282
3349
7987
1992
5277
7022
4313
1655
4176
9919
8447
6134
7204
7623
3460
2498
8883
1877
6819
7229
1722
4607
6962
9445
2962
8285
4321
8634
3662
7505
1742
2565
1657
6916
3265
1642
3006
8682
6532
4615
9482
4118
2183
6934
4360
3072
1382
5265
2869
8333
7638
6580
8525
4984
8614
7906
7081
1460
2774
4971
8296
3971
1181
6691
2912
2622
5896
7043
8507
2406
4776
1247
5102
5422
7772
9155
7359
3569
1411
4840
3689
6833
5108
7707
1417
4611
5994
5179
5751
6755
4052
8403
5154
6119
5956
1396
4001
6045
7940
1045
2250
8452
8665
2443
9940
7461
9393
3804
6646
3192
2102
1506
2506
9126
8554
3663
4131
4436
3380
6451
6762
4286
5901
1042
8094
9751
7635
3606
1096
8065
3012
2896
2860
3478
4076
3041
4218
7291
2681
4507
4758
9194
5153
2132
4504
4963
5669
8581
1806
8637
7923
1398
3685
9096
9880
8579
8618
4989
3682
7681
2255
4527
1972
6774
6454
3967
4172
6082
9740
3268
7120
4795
5080
8673
3607
6491
1679
1126
8221
6689
8619
5793
7750
7153
7068
3416
9106
7728
9680
1720
5861
5775
6306
1510
3217
9781
1366
4392
4275
1647
1705
8307
2064
2177
6267
7465
5634
4213
5293
2741
8079
6459
7031
7437
1052
6678
3257
6088
4649
4780
3181
6080
9691
5750
4391
6575
7333
2631
2491
3640
3538
1926
9144
1088
4785
7569
5579
5094
4702
9049
5551
4524
7988
3115
2703
1860
3395
2207
2632
2494
1533
5894
8567
9187
3563
4093
3036
2041
3144
9394
6772
6639
5658
7548
2367
2206
4741
8488
4726
1018
6515
3795
5868
6375
9188
4139
9724
7917
6794
3258
2721
9515
9610
1086
6889
2569
2332
7841
7323
7013
4078
4617
7005
2369
7892
3913
2662
9618
4128
9761
4037
6632
8144
3432
4263
4366
1753
2123
1057
5966
5135
6235
7835
4127
8546
2890
9087
5952
8500
2111
6396
7712
9613
7980
9287
4849
7713
4454
7435
5169
4678
6549
6675
9120
5208
5615
5903
4584
5399
7430
3470
3955
3249
8146
9207
8044
8328
6483
3033
5022
8878
4357
4596
6874
5514
4892
7795
6971
6354
3571
5013
5847
8762
5496
3683
8348
6766
6522
2416
8822
1717
2821
1486
7952
5985
7671
2096
5461
3145
6818
6350
8015
3005
1993
3548
7584
4965
8652
2865
4375
7353
1254
8659
3319
5907
2537
3970
2941
3238
4010
8584
8505
9602
1350
1323
2707
4441
9138
7529
1304
8137
2751
4148
6285
2752
5067
9381
1649
5516
9725
4420
8303
6743
4960
5752
2667
6145
9511
7017
1668
5763
6905
5707
6453
7440
5779
6421
3200
1595
8538
2472
2230
2127
5218
6174
4225
5785
4718
1924
8264
5646
2045
5308
6284
9271
6836
9705
9006
6214
5540
7839
5629
2602
6008
7317
4417
6939
2242
2499
2650
3781
9854
8310
4145
8326
5757
9840
1047
8739
2361
8052
5176
6278
3069
3550
4402
6692
7599
7376
9861
6276
8791
9328
5301
7078
8394
1622
8513
3340
4426
7729
5310
6363
8836
7180
9353
7571
3560
1167
3898
7379
9952
4340
4363
8935
2149
7337
8170
7827
3558
3893
9132
3193
7998
6287
5232
2393
4740
4608
4388
8814
1646
3973
2006
2124
8105
3925
6827
9871
3061
9906
5748
3572
8692
2464
3778
4347
4205
5538
2202
9662
1385
7891
8321
3488
1170
9223
9397
2938
1485
8445
5175
4396
9625
7334
5457
1186
6274
2037
2069
8861
4753
6671
8266
9780
1664
5817
6009
7807
1288
8691
1300
7378
4745
1436
9350
5344
8214
6677
7895
9062
3984
2023
6087
4226
9512
8161
1519
5510
6150
1843
1113
4813
7301
8473
4641
2457
3156
3753
5345
4298
2485
2664
6796
4681
5709
4781
1200
4558
9899
2094
4653
4257
1936
1782
2720
6020
1903
2658
1941
4177
6062
3011
9117
8031
1235
3346
8901
2143
1365
2481
1741
9398
1383
1680
4221
7127
3404
4568
1261
2407
8754
9949
2604
1294
1831
9734
6825
9102
2675
2100
9799
4050
5906
9492
3366
3793
5250
4150
8252
7019
8449
2309
5544
7331
1363
5211
2167
4582
6219
4588
9719
3084
8886
9436
2832
3280
6718
7167
4364
9897
1368
2203
8744
2567
9535
8784
3918
3483
7137
5694
9583
6712
8412
5503
2011
6452
1979
8441
2387
3851
8590
7494
9094
4543
2913
1529
6782
7112
8617
6137
8765
6438
4457
4616
2570
4713
3679
8991
7876
8895
9205
6719
9841
3650
1980
9778
9222
2916
1872
8091
1061
7730
7834
8316
9904
5640
2998
1841
3440
2746
6117
6005
8819
2180
8571
1617
4674
1566
2459
1267
2061
4489
9520
5853
4518
5915
5302
9523
6875
1098
8401
2798
7974
4598
9469
9935
7590
7477
8472
8143
7921
2116
9433
9532
4421
8921
1857
6291
3429
6156
9315
5813
6530
5485
3532
7652
4805
2867
6399
8537
5130
3321
2214
5495
2323
7185
7783
8377
1771
5706
5517
4750
4114
5351
1224
4997
9146
4108
8438
7147
8800
6337
4624
6165
8664
7499
2611
1535
5134
9474
3484
9580
7294
5582
1769
4968
9054
5110
5466
9948
6505
3224
2726
6158
6249
9003
5279
1326
8309
7540
9454
1826
7170
1241
7742
7657
1348
4689
9244
3713
3194
9013
9853
7138
4592
5950
4868
1112
1759
9704
7073
7605
1684
7882
2845
1002
3817
7194
9247
3812
2945
6413
4513
6567
7744
3201
9067
5200
3521
3623
9148
2846
3882
7761
1278
6090
8529
5047
3183
4509
9975
3463
4403
6410
7115
2542
3244
4618
2001
7646
6239
1938
2834
5024
8322
3126
6121
1892
9620
6814
6163
6423
1965
3267
6434
4940
9345
8289
5515
4217
2254
1480
7414
3915
3624
2168
6265
3774
9543
6476
3648
7198
3604
8593
9042
4964
2231
9603
9098
4231
9348
6310
8526
2928
7594
6107
3976
1981
1332
6231
1204
5953
6056
6494
5920
7620
5040
7015
5338
2034
5241
6109
3920
5088
2463
1208
8914
5140
2866
6095
5893
4644
4675
8717
5352
2455
5357
5697
3397
9493
7277
4755
3770
6754
4288
1670
4220
7717
2307
5362
6191
7804
5323
1136
8389
7365
8847
7268
7888
7230
6147
1578
1232
7006
4538
5054
7369
3174
4626
5987
8093
1094
5225
5437
9652
1749
7280
6419
6264
3045
4559
1157
3384
5227
3789
2497
4031
2412
9169
2691
7979
5888
3941
5472
3031
1886
7489
4007
5076
9085
4804
5826
8948
6721
6510
5039
3794
4394
4827
3266
6823
8185
8157
7058
5046
7693
8663
4295
2280
9964
5874
6356
5465
7177
6266
2919
9690
9783
7306
7989
9872
7295
9136
4760
6039
2717
2959
6351
4910
8257
3816
1105
9538
7818
3430
7536
9594
9747
9419
5099
9289
8826
8808
8159
8891
1176
6857
2671
9190
5862
2854
5934
8420
4983
6042
9829
9884
3631
3742
4072
7981
3195
3386
8996
6467
7755
8410
8396
9763
1889
2709
8071
7193
1897
8446
2953
3651
7915
3905
4647
9200
5529
2440
7592
8224
9833
2893
9103
8241
9110
7881
2994
7847
3250
7541
5128
3057
7383
3704
6074
3348
6912
2991
9966
2533
3418
9373
8606
4307
4349
2872
8171
1324
4744
8813
1377
3821
8657
4459
5000
2969
7029
3670
6670
6834
5504
4315
7446
4888
9367
1147
1580
5911
4238
7423
3779
6842
7678
6102
1433
2454
9335
5282
7883
8298
1549
5173
4191
5991
2925
3043
7287
6238
6051
8152
8723
5611
8487
6223
6272
1393
4309
5776
4591
4980
2948
7885
4735
8104
3956
2999
8188
2550
7749
7254
1381
8947
2480
7893
7236
9695
9346
5819
1650
7458
4422
1222
8047
9380
1434
7279
4428
1413
9711
9209
2877
2312
4639
4081
6781
4595
5608
3574
9954
7648
5384
9468
9382
2971
8281
6645
9229
9977
5222
4907
8557
3243
8990
9186
5661
6393
5524
4209
8828
2301
5871
8210
5533
5949
6586
6280
8227
2453
2516
3938
5491
3342
5973
2380
2444
9809
1097
7654
8370
8436
2161
3441
9240
3747
5672
9342
2781
8225
4799
1230
6111
3730
7621
4850
4096
1152
3437
1796
5009
2988
6405
7511
9808
5032
3119
3811
1813
1666
2428
2326
8516
8110
9925
6668
7289
1504
3053
2007
9738
3666
3454
5778
4684
5839
3479
7816
3015
4393
8414
5571
3611
6036
2083
7905
1092
6473
5506
7560
9362
3873
5392
1114
3155
7363
7724
7766
3365
5872
1811
3455
7682
5676
6804
7902
9330
4228
3371
3129
2538
6078
3810
5205
9157
3964
6983
6767
5744
8697
3095
8404
7574
9435
1206
1053
4577
2356
8393
4059
1783
9944
5519
9279
6944
6365
3373
9818
8724
9127
3306
7561
8231
1185
3552
1626
4175
5416
6871
7096
8454
1883
9848
2907
6920
1665
5239
1400
8683
4859
9703
1349
1465
6224
4643
5561
2466
2456
9823
8342
5850
2405
7924
6913
2370
1277
4887
3058
8536
8153
4754
1263
2411
2618
1919
6714
3422
7966
8943
5377
8539
2036
8535
1026
9622
4234
8906
1315
5117
5889
5012
4525
7307
7673
2914
5388
9354
2490
7579
3727
7570
2344
1594
7469
6821
7580
9163
9483
2613
7296
3514
4916
8882
3205
1138
7309
6988
8208
1379
5633
2728
2526
2224
3303
1682
7497
7039
5411
7977
8030
5680
4645
8066
1823
3233
5520
3135
3383
4126
2624
2660
5964
3004
1423
3393
1380
5546
5864
5008
5768
9793
7819
1902
2316
5149
1059
6715
2110
4171
6169
7596
2863
2113
5291
8834
7872
4999
7786
2557
5690
4368
9868
3051
8904
1541
4348
1353
1183
6327
1068
5011
1058
9701
4380
8616
2095
2634
9434
3862
9227
4752
8405
3044
8113
6336
4928
8075
6629
7509
2747
8680
7664
4872
1286
5262
3989
8939
4310
7628
4352
5463
8007
1499
6222
5152
8651
1653
9035
5723
5468
4894
5875
7870
8006
3874
8025
2546
1422
9060
7488
1908
7092
2984
6091
9664
6657
1944
9233
9891
7466
5921
9945
9412
4798
4751
4746
2918
4610
9322
2330
5479
8288
7931
2342
7322
2125
4609
9295
8150
9002
8678
7985
8055
1006
5147
2638
6142
8969
9896
8747
7869
7627
4947
6866
8840
8165
3292
5591
7861
2259
6110
7741
2836
3843
7533
6877
5423
3466
9251
9903
5234
8736
2759
5979
2152
4056
1848
5597
7001
3239
4939
7999
2333
9859
3344
6928
6260
3106
4211
9615
2222
8005
1470
7455
1838
4372
3667
2764
3394
5228
3017
6072
1950
8782
3847
6544
6620
4725
7145
4452
2413
8607
2026
4788
6730
7733
2911
8067
3732
1055
9988
9592
2031
1563
7918
5145
3868
8863
6499
5246
5955
2687
6687
7523
8268
7161
4654
4583
6498
9079
2400
4240
2179
8380
7558
1303
4258
6010
3434
1942
7123
4959
2643
3024
1991
1014
3749
9015
6556
8976
9017
9685
4542
4667
1376
5876
5784
8262
6344
9821
2424
3579
4837
6994
4019
9480
5415
5919
3329
8478
3997
6358
4027
6246
2327
9878
7777
2513
2554
3933
9776
5567
4270
7483
1633
2892
1709
7662
6738
8468
2809
5635
9076
5931
1125
2256
9214
3880
8455
5492
9822
6402
1290
5997
9196
9304
1947
8234
4861
2563
1878
7162
3392
6739
1213
2629
1004
9385
9298
3328
8933
2013
6627
5745
9456
2949
9540
1072
1508
4692
4580
9261
7352
5163
3027
5982
4302
8489
7846
9895
8490
1491
1559
5119
7091
9059
3642
9819
7445
3475
9481
7370
8666
7554
7748
5746
8781
6558
7258
9277
7947
2619
7404
9769
5347
6168
4731
7319
5030
7247
6601
6290
2172
1814
6301
9121
7686
5572
2106
5721
2077
1748
4883
8382
1165
4241
7486
5619
3271
1010
8850
1076
7631
8848
3864
4245
2744
9197
4486
7156
9463
5554
9674
4043
8982
6382
5859
4464
7522
4873
1839
3169
8179
1804
4244
6427
6478
8202
6403
3977
7344
8930
2503
9794
3337
9556
1755
3113
6731
9869
5834
1231
9717
5364
7661
3021
3524
3697
2755
7674
2654
6044
3197
3046
2089
7843
1927
9577
1612
3177
1995
4296
3863
3724
5029
8573
7802
2875
4133
2018
4874
3897
8482
1373
8083
2397
4054
7784
8979
1469
7976
7103
1550
3295
7567
5563
7825
1916
7040
9041
3564
8386
1314
9270
7616
4446
4046
2594
6641
6083
3245
8260
7553
4276
8726
9504
7368
1163
9491
3654
9257
9258
1060
6893
9651
7066
5666
8087
5992
3589
2937
2640
7576
5781
7191
8456
9877
6659
5975
2430
4323
3222
3775
9365
1102
4552
9759
1019
2399
8415
3083
7659
4409
1837
4981
5188
9020
2708
7272
1822
9068
3982
8190
3003
8027
3620
1851
6302
2699
6229
2408
6704
9694
7020
8050
7543
6428
1707
9274
2777
4044
3389
9970
7515
8545
2189
3751
5360
3199
9019
9681
5944
5578
2020
5086
5023
9980
3886
7725
6040
5659
9984
5426
7308
4537
8084
2963
8115
6929
3415
2401
6509
3270
7422
1333
8672
4453
2308
9357
4941
1301
8993
8216
4951
9208
7525
6543
4522
1937
3916
5851
8168
6444
9489
7255
2727
9974
7175
7699
2003
2058
7172
1463
6894
8021
4954
6371
8849
7094
5151
8785
2075
1605
5902
5253
4066
3757
2635
6817
2805
5435
5654
8045
1180
5532
9066
7801
7591
4399
4317
1345
2981
7371
6606
4556
8926
6016
1410
3343
3881
3040
6502
6305
4206
3435
5295
2479
2583
5923
2154
6031
9883
1123
2548
8332
3082
9812
6942
9047
4067
3860
2904
5974
6414
1489
4190
1700
2908
4198
5586
7675
1401
9181
8795
3423
9399
1693
5268
4168
9997
9707
6923
6094
3522
6799
5761
5673
6880
9467
8968
9521
9775
8167
6322
2079
8685
6963
9731
7787
8302
1502
2851
3613
7460
9976
5798
7527
8588
7402
6362
6591
7965
3210
8705
2853
4657
4060
2010
8628
2433
1962
8464
8269
5494
2669
2607
6409
7468
1106
7427
7791
1547
8812
7203
9947
8325
7518
9156
4297
7910
9500
4587
4324
3903
8730
1819
3855
8778
4361
2549
3354
7117
7366
2502
5687
9175
3356
1041
3959
5693
5292
5993
4775
1789
9448
2958
5880
9022
5576
4663
5275
8250
8026
5120
1569
6133
5410
6484
2587
8586
4476
6497
4520
8122
1584
8011
4977
3609
8390
1051
8444
5843
4095
5702
2232
1683
5015
1132
6401
7587
1395
9927
8796
2081
5878
2197
7304
7997
1500
7814
8531
3629
8270
9933
1833
5490
6501
3291
8470
2976
9428
9268
4261
5718
3121
3235
8824
5469
2830
1800
5917
8003
9182
6592
2642
4034
3148
9109
1967
2317
6820
7727
3221
6367
5019
4987
1553
2193
1953
3740
3251
5656
7984
8860
2284
4547
3978
3815
8090
5453
7692
1620
7935
7789
9573
2484
4283
7831
4990
8662
6135
5564
7195
4929
2620
6652
8551
1542
9283
4300
6014
1999
6180
9726
6600
6207
5954
3944
2750
3792
1513
7036
8229
2266
1283
6381
5052
4473
7823
2915
3411
5259
5595
5146
5703
9192
7953
8364
6392
2263
1375
5607
5794
3621
6085
7343
6958
7413
2192
7393
8207
3690
4942
2322
7355
7702
5269
2211
3100
4700
4773
5929
1361
9798
7677
4073
4157
8339
4815
5714
2350
9892
5178
6003
2461
4290
1667
6035
8922
4627
7121
5477
8099
2608
5355
4851
3752
9291
2253
1168
5237
3316
7767
3824
7929
8291
5141
7400
3211
2756
1866
9259
6955
3189
2766
8453
8002
1022
1791
8835
9001
8677
3506
3269
8121
9757
1744
2437
4448
4362
4896
7860
4796
6863
2961
5601
7253
2213
5963
3716
1768
5126
5336
6982
8474
4472
5476
5077
8642
8421
3473
4976
4316
2025
5866
6412
8655
8275
8938
7232
8629
1171
2017
4601
6925
9204
6149
1340
9151
7398
1706
6770
6457
8135
2373
9741
9908
8123
8255
8977
3166
9025
4696
2194
6286
5570
4068
5138
1221
6565
6148
4792
9266
6230
2489
9276
5988
9824
1638
1846
9786
3361
1577
1590
7150
2293
4691
4783
7865
2042
6404
8582
4107
5600
5577
7299
5835
6187
2126
4952
6378
9476
5257
5527
8107
1795
4099
1044
8244
3049
4803
7061
3796
4898
4606
1599
9439
2683
1969
3908
7051
4574
1627
8238
2287
3544
1669
6477
6170
1614
5318
9856
1287
7116
6241
4110
3427
3961
5932
9018
6858
6655
4305
7208
2844
9081
8951
9777
7018
8750
3587
9612
4116
1227
5754
6022
8645
5945
1688
1317
8751
5989
9902
3331
2772
7315
9801
4865
8865
4839
8971
3904
1977
4707
5133
6906
6764
9158
3355
6864
3780
7683
9496
8022
7052
2131
3282
2719
8833
1588
7850
8440
3451
4698
4358
6101
2591
9447
4163
7996
7941
6341
5845
4166
1593
8987
3225
8807
8759
8532
4259
6311
5390
6059
9639
5547
8130
1747
3436
9552
6826
2164
2763
6948
5252
1311
7346
1961
4390
4664
5171
1458
9758
1793
7419
9237
8212
6519
9962
9119
3616
6576
8092
6945
4367
6792
7463
4915
6658
7000
6636
5636
4435
1643
5715
7838
6058
5329
7942
6319
4860
3658
4389
2468
4080
6579
1378
5475
9608
8734
5376
4699
1716
2270
8338
7600
9542
8544
2215
5710
1775
1662
2243
9150
6006
7190
6644
7513
1360
6178
5815
9159
3408
5644
7097
3424
4009
6136
8999
7975
3071
6455
6822
2837
2090
1581
9039
5758
2381
3877
2473
3872
8533
8036
4966
1925
7146
6450
4071
6974
9282
5249
4669
2414
3785
7100
4499
2229
4117
9579
8832
6296
7776
4503
7003
7382
4285
9378
8925
8477
1673
4634
7391
7939
5114
5575
8558
3969
2534
3820
6865
4018
4016
6972
9505
6221
2556
5489
4495
8494
6345
8740
1509
8106
7335
6521
9692
3833
9735
1001
1704
3077
8479
5837
1773
4279
3838
6729
5240
8688
8495
5480
4149
9907
3458
2934
3688
3526
6167
9939
8641
2015
2470
6047
7922
6233
2282
5553
2571
3866
5324
3700
1253
7396
1439
2288
1292
3764
6633
9071
7897
1212
5156
7531
6199
9661
1483
2021
3987
6676
2070
9626
7852
6217
5260
1318
1960
2884
3705
2233
9721
4816
2419
8112
6492
7004
8929
2864
4208
5670
7104
5195
6902
8786
6437
7726
8004
1905
4330
2706
4988
1013
2858
9009
2088
4848
6425
1078
2458
9825
9224
8957
6193
4946
8755
1020
3556
5645
8894
9876
7069
4014
2512
5104
9293
9242
1651
8423
9140
1884
3888
2975
2743
8043
8032
9912
2817
5747
3590
1203
8647
9272
6681
4561
6390
9161
4603
5038
5427
2637
9957
8284
3588
1237
7225
1299
2360
8913
2589
8019
3840
1621
7067
2823
2044
3277
4734
1817
5439
4497
6309
3047
7467
9239
1758
1297
6921
2910
5824
4590
3633
4545
5590
5933
3022
9847
3260
6017
5331
3007
9714
4877
8261
5075
5185
7879
3294
4336
9510
1282
3829
9459
8695
6397
1906
7632
2856
2139
4528
5665
1352
5832
4378
2792
6041
7327
9281
2449
9318
1785
6984
4343
1976
2765
7231
8276
2299
2730
5061
1223
6066
9601
1478
5167
3783
1046
5584
5332
8874
1406
7512
9517
8963
6883
6744
4280
4040
7588
6376
3869
7685
2986
3152
2753
1364
9465
4331
1552
6243
2000
6547
7451
8956
7900
1457
8720
4387
1475
1392
4766
2901
6028
1426
1418
5849
8772
5999
4401
7131
8776
8748
2364
6298
9216
8873
8527
6277
2451
4151
1484
4329
8577
5937
6603
1623
2187
7188
5356
5844
2878
6635
2385
8041
3744
9137
5513
5960
3999
5471
9693
9388
7284
2092
2410
7164
9114
9994
7613
1389
1190
9932
3274
4235
1162
3188
4233
4219
6523
1137
7820
4287
1564
9152
7581
7604
7395
8523
2072
3494
4398
4141
4756
9135
6742
6862
5530
7958
1729
5841
2136
7799
9916
7612
6446
5892
8236
8732
2345
8936
6196
4625
1070
8498
3125
5420
9683
5005
7815
7246
9709
4083
4838
1240
8359
2148
5801
7803
1628
3476
3790
2782
8048
1487
5630
5031
4871
2265
3809
8738
9553
7345
6909
6654
1917
6545
4593
3858
4817
1497
6717
7970
9826
6914
6933
3953
5483
9455
5139
7763
7773
4490
2527
6030
2452
5220
7394
4070
5309
8078
6424
6992
3259
9437
2572
4728
1065
3016
4570
4356
1565
8872
9609
2807
6422
4045
2920
9490
6927
1260
3578
1799
8733
5760
5451
7526
8510
1951
2909
4933
3050
6184
3163
6593
2942
5904
2734
8707
4986
9377
9477
1175
3684
2678
7085
2789
1427
6348
5363
1528
9931
6588
3191
4351
2989
7559
4000
1017
3813
2289
7534
1522
2482
6293
7129
1834
9173
4158
8220
1129
9376
1344
8542
6263
1587
9629
1493
8887
9787
9073
6529
5042
3549
5116
3369
4187
1644
6195
5539
1973
8194
7914
5010
9051
6843
2724
5380
8059
2932
1252
6237
3407
5263
5123
8543
5449
2760
1256
5289
1732
6860
8574
6053
6844
8013
6289
2870
9329
5340
2917
4694
5534
5511
4567
2029
2595
5370
2955
4003
7252
9292
4762
7063
2674
8072
4642
6918
9313
7912
9167
7911
3867
4857
9646
5596
4478
7811
5402
5720
8425
7226
3438
8343
6840
8166
9228
4771
2646
5627
3320
7338
3870
7903
7113
5342
6514
6086
4493
9589
4880
7736
9072
7429
8727
9852
4918
5165
8138
9565
9141
3951
2441
1177
8684
9960
2184
5995
7566
8572
9597
8366
3992
5927
6013
1083
5737
3777
7415
2600
2889
6947
4668
6177
3108
3902
5603
7431
3985
2519
2686
7032
8519
9846
9010
4995
8140
9843
5459
3097
4794
3687
8432
4222
3128
7439
5060
5831
1888
2404
3287
9728
3018
6617
3709
5053
7774
1149
5713
3665
3625
9554
1503
2545
5787
5383
6475
4102
7746
5592
6332
1192
8334
5788
4197
2160
7234
4656
9507
4722
5438
4121
6557
7577
3952
7324
7698
6542
2496
1341
6488
7771
1629
4214
9526
3562
7285
6152
6758
7054
2054
1607
7822
8570
8515
9429
9418
8843
6120
1414
9386
8374
4690
1430
6811
3968
6320
9031
9844
8611
3923
5756
8920
2371
1275
4092
4605
8949
6520
9696
5213
1239
5647
6837
6908
1079
2477
1697
5643
8893
1636
2713
7320
7863
2841
9513
2115
4337
9057
4325
4112
8117
4937
9450
5164
5276
4047
1787
3335
6075
8679
3161
7978
6831
3275
7357
2609
5556
9008
4487
7358
3656
7405
8518
3542
9005
4622
1367
9590
2171
4058
1120
4004
7044
6046
6850
2924
9555
6469
5593
4350
6768
6321
2133
1030
4648
3104
3615
3406
8149
7498
1726
3178
7967
7154
7704
9736
3471
2775
6508
5769
8365
9623
1444
5732
9588
6574
2666
3079
8591
1907
1696
3307
8242
1334
3486
2121
6751
3628
9893
6725
4088
5623
7403
9943
1933
2544
3029
1251
8997
5096
5689
2614
3377
8710
8708
8633
2403
1703
3379
1325
4374
2340
1739
2623
3198
7139
5811
3314
7056
3285
4243
8594
3204
8788
8610
8746
9519
1069
9684
7545
2806
7298
8624
7503
7071
2964
5389
3922
4712
8132
3711
9772
7235
7060
6585
1772
9982
8174
9084
9143
2786
4529
6270
3208
9816
7762
2353
5626
5446
4284
8187
6776
5887
5795
7459
4332
9637
7721
4797
2967
7549
7373
5395
9108
4063
8555
4978
3763
4413
1384
4532
2105
3784
8942
3480
5233
7240
1671
6559
4932
9879
3671
6213
6702
6597
6383
3376
3674
4138
1342
2283
3536
8172
3896
6294
1505
2906
8256
1802
3835
5685
2504
6252
8650
1632
9026
2109
4897
5965
3592
9131
1856
5712
6577
5671
8258
5528
8530
5717
8114
8827
2574
4498
6563
8563
8954
6380
9359
6747
6026
5082
4742
4637
5057
3341
5101
3768
8549
4614
1289
3541
2390
7552
9368
8731
6786
5791
1440
3939
8469
2365
8384
9408
4203
9366
5373
6328
7425
3101
2972
1338
4836
2748
4579
8742
4251
1243
6901
3844
8434
8706
9409
5118
3241
3875
8300
7125
6127
7438
6300
4619
1752
4098
6997
1449
7859
3112
6538
2465
2421
7305
3797
4711
4922
3805
7629
9803
5320
4519
3103
3092
8000
6481
4732
7316
9890
6500
8082
5568
5508
8983
3850
1268
6316
2302
5434
8315
4869
2176
2930
7049
1116
2156
7244
7143
8313
1663
5632
2321
9000
4927
7412
2582
9836
5772
7050
8340
7564
3808
2757
2758
1520
4697
3170
8331
1840
9739
9797
5214
6139
6664
7340
3798
8846
7384
3595
6752
7551
8927
5408
4511
2558
4147
4585
9712
2056
9352
5711
7214
3602
6697
9184
2376
3827
9541
6189
6037
9606
1172
5398
9682
5464
1144
7462
3368
7705
8777
3298
3745
1329
9981
7227
2564
5651
7849
5958
3213
2588
2982
1881
8314
2700
7257
7433
2357
4566
4204
9810
8992
1285
9921
8199
5209
6504
6793
3089
2445
5621
1751
3496
3305
1142
1320
8034
6996
2135
4232
5159
1675
5976
2093
2947
2286
8676
7504
7614
7055
3142
1901
9748
6610
3139
7493
2539
9587
2712
9959
8844
5107
6486
7805
9040
9369
3736
5749
7271
9842
9392
2303
2272
5404
6813
9210
1637
5474
2027
3062
8898
5319
8693
3009
9406
3446
1025
3330
4069
9866
4216
3901
8793
6368
7014
9095
7421
8627
7342
5307
9951
1659
6936
5840
1205
7792
4289
4400
6255
6308
3725
7608
3510
3678
2596
8737
8080
9593
1321
1101
3345
6887
8457
6129
5272
5043
8486
7478
8311
3242
6347
7955
1490
8675
4224
4488
7647
4355
2337
9570
2968
8219
2723
2098
7186
6824
1258
5235
6895
9294
2389
1660
5897
9915
3131
3995
3497
4268
2673
9670
7507
1895
7479
9768
5522
2819
7434
4863
4474
5333
1447
3256
5337
9052
1316
9834
8428
4747
4672
9471
9416
1245
7949
3980
5111
9338
7088
3515
4484
9355
7680
7476
5315
6637
7259
3554
6967
3063
2108
1544
5286
4704
5805
7239
3721
5926
9147
8830
5172
4111
6043
6809
7184
6318
3668
5537
9508
4962
7968
8466
6114
7934
9174
6071
9969
1372
4470
9252
3311
4523
7769
7809
1913
8249
6750
8306
1036
1080
3535
1966
5072
6004
6151
9069
9967
6128
5452
2615
6810
4658
5695
3661
6242
5243
3405
6115
2246
6609
8907
6829
2514
7568
1466
5884
8460
2873
6708
8063
6343
4733
7474
2238
6832
9857
2771
1471
3547
6435
1934
8200
8855
7645
2226
8344
2992
2146
1109
1082
9972
6359
3837
3052
8553
2130
5391
4143
5879
2676
9312
8768
9918
4623
7325
2921
4703
4053
4304
4655
4207
5792
7598
7848
9324
4612
4802
6096
2234
7485
1441
4714
1989
1403
6785
7238
8350
2840
5942
9806
6462
5730
1641
7241
8251
8222
4277
4770
5436
5278
1016
4661
8924
2097
5825
6690
5928
4450
1745
7878
3703
5828
4581
3891
2141
1794
6216
9278
2324
5285
2467
9789
5971
5317
1279
5488
3605
1238
3930
8888
1110
4685
4124
1532
4377
2849
8029
8051
9922
5869
8640
1225
1492
3828
1201
3263
3545
6326
9762
6055
1477
8265
4423
1829
5704
2348
6384
8660
8687
7875
9989
8223
6097
6015
9564
7473
7392
7817
8353
5555
1708
6867
1049
3229
5855
4002
4764
9034
5137
1914
4539
5113
6200
7720
9805
2633
4318
6225
8235
9531
6205
9913
7263
6105
3336
8583
5124
8632
4021
1956
7826
7059
9255
9767
9213
3928
8100
9044
1865
6487
8854
8752
1501
3457
7192
1737
7221
3360
6572
7266
4730
9275
4492
6533
2530
5602
7372
6333
2158
5368
6288
7037
8267
4772
3518
3991
8965
4265
5460
5445
4531
5741
8857
9788
9665
3761
5807
6171
1291
8068
4462
4359
2383
2725
1309
7655
2432
6458
7886
5105
6236
5374
7087
9804
1603
6352
9851
8290
6173
5298
6919
7565
3283
9529
2362
8686
8866
2228
1530
6970
5016
2518
2795
5132
5560
7025
1677
1899
1974
4862
8119
9036
3146
6029
8760
6244
8988
2790
4084
1075
2682
5284
4460
9030
8966
2733
8057
7781
5385
8975
6052
6952
6703
1354
5569
2824
2940
1652
9845
9488
2802
1526
3507
9055
5429
3972
8407
4269
4994
5223
4306
6186
1609
9938
6623
1443
2051
3362
7356
6338
1543
4248
8790
2601
9937
7993
2970
4094
4386
6941
4943
2418
4173
2810
4267
4184
5618
3940
1280
3975
4563
1507
4461
1731
5870
3806
1699
9743
6089
6461
7351
6141
2610
8902
5998
6374
4631
8911
9567
6801
2547
9310
5764
8274
2275
6426
8378
8735
2593
9458
2188
9737
6979
2737
4444
7877
1546
3706
6589
1346
6881
6969
3160
1250
4041
8764
2426
4382
1524
4973
9958
7701
6626
7873
7601
7961
2508
6143
7582
2170
2997
9290
4565
8360
6615
5280
4230
1639
2368
1028
1032
9332
3167
8433
9894
9795
5056
8540
1038
5598
3227
9983
9211
3883
9215
4515
1879
6940
5450
2688
1421
8550
5497
6203
8372
3456
4485
3413
4562
6695
8789
2382
4210
9875
2048
2040
4808
8562
6513
7782
4828
6541
5961
4030
2862
6415
9586
8450
6802
2402
6965
2082
5734
6634
5093
8661
4469
1880
5248
5378
8829
2584
5303
1582
1271
7666
9011
8089
4239
3425
8317
2879
4500
7010
8875
3289
4739
5073
7765
6164
1308
5369
2241
9308
2680
6507
6324
9198
7793
2271
8148
9341
5112
5296
8430
5191
6463
8040
6711
6355
5447
8858
4105
6551
3900
6108
3529
1893
7133
6571
7684
6573
1898
3400
5900
2103
1863
8126
7002
4856
3136
5604
5261
3339
9061
2515
3122
3533
8716
9273
2990
2046
1556
2843
4312
4328
1416
1630
6275
8903
3520
8465
7132
7665
2732
2320
8601
2028
5487
6256
3309
2043
8191
2448
8483
5740
6210
3859
3626
4385
1874
2325
6234
6389
2223
3673
1616
4338
2685
1740
3932
5509
1634
5063
8177
2871
6068
8646
9479
5605
4858
4878
7219
6999
7101
3065
7047
1868
1091
6976
1560
8481
9687
3452
8774
7624
9029
3444
7853
8400
5827
8598
4334
9134
4136
4192
5083
9316
9256
8492
5986
8522
1746
1575
8024
8088
4914
1904
6198
3617
2204
7824
6431
4843
4715
1689
6313
2285
7731
8908
2261
5885
8853
2987
3856
1274
7756
9645
7959
2252
1135
4033
1415
4502
5431
7444
5160
2033
2521
2528
8950
3387
6012
6166
4170
8756
2190
5371
4833
9729
7339
2336
1196
6132
4680
4494
9832
7374
5662
1861
8049
6953
4455
6790
5631
2155
6622
3375
8560
7385
5413
1870
5406
6304
3020
9647
5783
1155
8279
1448
3659
3398
7992
1464
3998
5316
5609
1983
4354
7933
1882
3276
2677
1554
6060
3759
8885
6122
7163
9340
7770
1210
1777
7484
2979
8277
2305
7274
2175
7669
9537
8020
1011
2200
3527
8648
8408
7948
8337
8972
8286
1103
9347
3234
9689
4032
2446
3014
3134
2291
9080
4867
9305
1654
6342
8986
7832
1761
3715
9649
7800
4029
3023
6788
5155
6106
4829
6516
1869
5523
9246
9092
5440
4134
7575
2838
8226
8054
8622
5021
6227
1262
6977
6665
1322
3878
7089
9750
6228
8753
7158
4970
7630
1000
9048
9269
7122
6113
3865
9718
9217
5180
3512
5048
9956
1987
4274
3926
3906
4293
5803
7908
8520
5321
5314
6023
3334
3310
7119
1402
6757
8671
9828
2689
1788
1249
9497
4950
6791
9319
6447
7165
6993
8870
1727
6854
6631
3917
8741
9995
3591
1975
2024
1037
9405
9730
6073
3619
9404
9544
4122
2770
6845
9189
8797
4882
4719
1104
5686
1064
7578
4852
3207
6408
6931
1713
1077
5774
4308
7986
7954
1343
2059
1859
2262
1792
8867
9698
6740
6335
9642
4906
7264
4125
9446
9605
6812
6808
9985
3338
9837
1242
9732
1531
3791
3698
7262
6418
8962
1537
7387
4554
4761
9046
6468
7041
5957
8125
4433
1730
2657
4993
2936
8017
6536
3646
8349
1615
5294
5935
5486
3461
9004
4311
9807
1073
1029
8767
7181
2008
5078
6334
1391
9791
9038
1236
4036
8409
5064
6512
5559
7318
6741
7956
7943
7107
2560
5947
7925
4557
1228
2705
6470
6271
2826
2617
2053
8556
6869
5400
7899
6882
7409
6002
1488
3358
7250
9421
1409
1307
8508
8905
9441
1302
3832
2740
2281
3748
3096
2540
2210
8127
9403
8023
3636
8442
2522
5882
8070
5444
9442
9451
3333
8217
2065
6303
1141
5266
3254
9033
2576
5231
6619
1551
8712
4406
2762
2447
6614
3677
6553
1891
1943
9518
8308
8569
6093
7450
9534
4533
7418
8879
6780
4820
3391
4508
4451
4931
1676
2257
4961
1015
7932
3993
1169
9178
9929
1876
8076
5493
5789
8461
6651
9923
4227
4196
1293
6900
1153
9314
6848
8669
1698
2417
9045
6660
6449
5215
8818
8493
3102
5325
3936
9611
8503
3032
3054
9432
4181
1803
3516
8293
2929
6672
8295
6464
7332
3737
7211
4908
6000
8411
9349
5103
9591
8399
6212
2142
7033
1781
6182
7845
2128
2796
5361
2078
4782
5386
4911
8195
1023
8182
2800
9424
2080
8118
8402
9014
9139
5217
7361
1146
6232
9551
7969
4246
7643
7764
6783
5698
8859
1845
3676
3186
3525
5846
8418
1548
9166
5863
7109
2240
5970
4705
4768
1867
8259
3008
6315
1805
1754
3098
3885
4949
8435
6159
7546
9881
7443
6800
6890
7508
3410
6798
7880
3610
3948
1767
3530
1432
1797
9566
2876
4521
9395
1266
2639
5349
6849
1007
1855
5946
2580
5664
6250
9321
9621
7410
4569
2880
2315
3172
7024
2716
1371
9128
4395
5550
5058
9396
4620
6144
3852
9667
3248
6656
1388
1674
3420
7457
2099
3712
7249
5183
9503
5816
3378
1873
7223
9243
6951
8184
8151
8856
2450
9617
5194
8297
9219
6805
4710
4823
9202
2954
4934
9550
1514
3000
5898
5587
2702
4646
2812
9361
4555
6211
4087
7023
2295
5334
3769
6888
5890
8497
4784
4155
1459
4254
7633
2195
7585
3150
1928
8406
5207
1355
2163
8369
5738
4727
8974
2698
1735
8876
9641
4074
9820
3504
8197
6884
1624
7723
6686
4425
9700
6307
9235
8771
6667
2665
3117
5028
3209
1399
3364
4048
4135
6297
1984
1815
7854
9934
3946
5642
1031
6331
3519
6312
2831
9093
7609
9032
2212
5675
9800
9320
4120
5335
2922
7490
2114
7464
9333
7048
1562
8373
2649
4057
8501
1134
3293
4651
3026
4169
1003
8817
4189
6763
5273
2974
7030
8821
9663
2258
1124
1154
4985
1327
7179
1160
5055
5462
7141
4137
2842
4373
8931
5401
1374
2198
8916
2868
3596
3367
9756
2729
6190
9585
6568
9636
4327
5959
1133
8169
1635
1089
3854
9628
7619
2483
1625
4845
4517
3726
7732
5212
3428
7098
8379
1229
6201
5500
7687
1561
9774
9478
5045
2586
9475
8001
6705
6722
5300
4956
4893
7927
8069
5541
3443
1776
4028
4876
5049
4164
2122
3273
1456
4765
4160
1695
4429
6746
8086
1711
8502
6789
3086
1273
2002
5660
7896
8496
3439
8416
5157
5867
2294
7401
2436
3814
3566
2742
6130
4924
3582
7111
4256
5719
7302
3179
1798
7233
1618
9124
3042
7189
1431
6495
9914
3081
2532
2055
9635
1539
7375
4748
3641
2486
9909
4749
7794
5458
1909
8548
4481
8158
5536
7538
6279
4103
8899
1108
6911
3954
3849
9764
4042
9262
9299
5899
6506
3013
7547
9263
8347
9107
1040
3634
9065
3718
3374
5914
8511
3482
9514
2354
6377
6924
5197
4440
8329
5473
3168
2811
3731
7336
5583
6930
6261
6104
5594
2022
2804
2776
8565
5041
3509
6065
5856
4212
5366
3448
8524
9660
1387
1100
4884
1648
2220
9955
1193
5800
1586
3182
6485
5125
9113
4809
9058
5812
7752
6554
8278
7537
8635
7290
3237
8958
9226
8923
6032
8056
5068
7062
8476
9461
1482
6185
8575
6910
5501
9470
2427
3323
8794
5264
8564
1179
6552
9363
1151
3347
8961
4779
5421
9677
3088
9562
4822
8792
9142
2603
3149
6192
6441
2174
5616
3584
2903
2352
1854
7556
6206
5219
4889
5142
4089
9595
1284
9317
7572
2628
7453
6707
5397
6416
2244
9991
6769
4790
4812
3680
6647
2835
3994
4439
2690
8506
9284
9574
3140
3215
7399
6778
8429
4301
7658
3185
7689
3743
8851
5823
3701
4662
7642
4501
1335
2612
5739
3517
3491
4179
9099
4778
4434
8701
9375
2372
1233
8282
8713
3279
7082
4253
7076
1567
9306
9043
5978
5312
3390
2978
8458
4480
4320
5186
5716
4686
2791
5962
6735
1715
8552
2339
2653
3645
3110
3733
3807
2661
5425
9249
1516
3570
2005
3286
6079
9300
7021
9599
8230
2881
9850
6034
2839
9996
5829
5655
6391
3445
8649
5796
1812
5908
7261
3426
2221
4085
2415
2785
3165
6411
8431
4011
2957
3825
5216
7281
5916
6835
8346
7510
5182
8160
1187
4636
6608
9607
4992
3090
1940
5967
1189
7889
2820
9234
8228
3655
6716
9082
5089
2627
7028
2898
2902
3861
9648
7670
5753
3038
7417
2859
4659
4008
8711
1557
7495
3417
8862
8175
9241
8039
6340
8670
5044
9745
3568
3315
8467
7626
4900
8541
3691
1645
6555
4682
2784
9185
6346
6726
7709
2701
5637
5267
7743
6077
8046
4564
4051
6638
3937
6685
7602
1009
8852
6680
8837
1687
6019
7086
4281
8155
3059
7703
2157
1085
2692
4516
1131
4824
1071
2178
6688
3907
3943
7209
8301
7919
2939
5418
4676
6007
7589
6325
4491
5773
2084
6784
5948
7426
3278
8964
5910
5573
4912
6870
6856
6876
9430
8427
7070
9075
9104
7481
7950
6103
5027
5193
9302
7928
9411
3290
9525
9619
5865
2501
2478
1611
5442
8783
2438
7501
6539
1835
5305
2995
8698
5606
2509
1234
4466
7283
4229
6861
1043
5412
9699
8010
3643
2641
7946
7806
2585
8422
5004
8953
4695
1313
5733
8283
5736
4384
6546
4769
9830
1331
5909
8320
2236
5977
9301
9539
4821
9779
6956
3836
1583
4586
2067
1450
3965
4899
9924
5283
7432
7441
9655
2510
4723
1849
3453
4721
5724
1351
8062
7617
5230
6204
2779
2787
4967
2341
4113
6202
6024
4236
7739
4541
5696
4142
6846
8820
3206
8330
7517
3841
3719
6847
5797
8831
9604
9760
2151
8576
7472
5981
4383
2101
9614
8233
3111
7206
9236
6489
8246
1830
9336
8815
8239
9325
7237
1219
1585
3720
4613
4195
8512
4344
9379
2343
1763
4025
2334
8101
5092
5983
3699
8696
3765
5549
7243
5502
2335
2799
2736
1832
2196
8638
7475
7796
6054
4786
3212
8608
6240
7245
4223
7099
4200
9886
5115
3553
6511
1468
3164
6540
6582
7640
3802
4810
8654
1359
2813
2439
1875
5729
7114
5936
3490
3318
6674
7618
1572
5762
7083
2535
7151
9870
9462
3353
7075
4553
1021
2956
1592
1887
3710
1087
7957
7166
5245
5428
8970
9253
8367
9356
3637
5653
3947
8934
8336
3672
3421
2071
4416
5084
8383
9898
4671
3708
5189
6386
6581
2590
3396
4201
2861
7074
9464
7768
7868
3593
2104
6613
3755
9678
7171
5299
3403
3116
2693
3567
9164
6253
9212
7168
2492
5622
6594
7653
4957
5648
9415
3741
6001
6061
3539
3159
6853
5174
2292
3143
6907
9657
1568
2268
5409
5166
3801
7735
2277
6787
3326
3107
7583
5026
7520
5765
5940
3495
5430
1982
7270
6153
9971
2201
9950
5990
5727
3080
3157
2818
9199
6420
7610
7124
8715
9129
7205
1970
4064
2855
5306
8761
6653
4793
7282
8109
3729
8769
9753
2801
2260
7697
3505
4026
4162
7026
1954
3220
2773
9563
1725
3066
3776
3934
5097
7449
2159
5809
2409
8162
4199
6118
6465
7362
2391
6527
1911
7416
4819
1394
4154
9901
1330
6258
9672
9218
3190
8799
9998
3099
1786
7901
2541
2888
7105
8644
5025
9422
1702
8937
1111
2822
7913
3073
9050
1656
5682
3931
2505
3223
5098
4925
1319
7215
3717
3573
3247
3612
8471
7144
7217
3370
4123
4826
6607
4926
2388
6946
8643
1209
2057
4252
4424
7840
3028
7660
3253
7563
6720
5731
5905
4410
2379
8667
9374
1986
4763
1191
9928
4178
7521
7972
9486
6932
2616
3372
6323
2897
9676
7046
7278
5854
6048
6899
9028
1871
4106
7269
1248
2475
5443
7714
9752
9536
5649
1692
9245
9115
7691
9466
4156
9078
5271
5079
6583
5242
7292
7700
8073
3352
3919
3508
8096
4830
6679
7118
8766
4109
9961
1215
8984
6684
3830
2847
9254
8605
4935
7328
4415
4974
4945
5181
5187
7093
1921
5518
4670
6949
7650
1955
4673
7890
2735
3324
3803
7197
5190
4920
6915
5018
6640
4630
2377
5148
8443
9007
1971
4534
8163
2225
8312
6126
2966
3618
1390
9936
9706
7042
2511
8689
8341
9650
5912
9643
3694
9575
1910
5790
4958
8368
8960
3078
4909
2783
4505
1467
6616
6471
9201
1558
6987
3363
1356
1454
5304
8514
5939
8612
7286
3465
4998
2965
3857
8639
6183
1197
2047
1099
3105
3477
3498
3351
3594
9653
5543
9417
9723
3332
2300
1998
9766
5759
8871
9817
1801
7667
1604
2278
3788
5755
1305
9568
6560
8559
5256
3388
8877
3899
5684
3653
3693
8248
7722
6960
3630
7428
7314
1295
9118
2886
8203
6886
1148
3087
1574
2087
3845
7778
5499
4921
4526
8718
1173
4578
4152
4414
6777
2169
5074
3094
1115
2374
6534
8959
5238
9864
6903
1217
2559
6432
6154
9509
5683
3467
3890
5033
9770
3599
9910
5168
4791
4835
4572
6430
6975
4346
8186
3402
8890
8362
1948
8773
4789
8363
5610
5674
8189
2038
1721
9560
9631
2769
1127
9827
8272
9697
3173
4278
5091
1978
9083
4972
3325
7470
6807
7038
5617
7758
8941
7821
6417
2694
9926
6254
2931
2977
7267
9444
7862
3296
8973
6157
6663
5020
4901
7491
1143
2895
9742
1437
7636
2249
6943
3447
4482
3304
6628
6262
7216
5692
5006
4272
7858
5833
2695
7201
2983
8192
2883
5065
1272
3960
2185
8134
1994
9887
8016
9722
7034
6493
8900
7857
5353
2173
6978
2386
2562
5162
7406
1362
1691
8085
5224
2597
6598
7411
6989
5131
5170
3056
5521
9675
5454
8273
2434
9733
5346
5150
2828
1159
6612
8439
5196
8327
9673
9260
9457
6172
1918
3990
9627
2191
8271
6295
8998
7174
3246
9088
3048
7183
6226
8534
7926
2378
6268
1216
4635
3236
8484
2985
2297
4599
8245
3639
9501
1369
9425
3921
1784
7057
2598
5562
9100
4020
4062
2943
4602
8451
7222
9285
7288
1853
3359
5441
9311
1195
7751
5566
1158
7738
9855
9815
7456
2495
9963
5062
7276
3035
8129
6828
3912
2085
5432
6605
5891
3001
1825
6372
9978
7210
4345
6081
5313
7199
1084
9024
4431
7719
8621
3819
4013
7856
7480
1579
7084
2808
6176
3034
4477
7785
6314
1370
7907
6995
4017
1246
7634
4153
6387
8801
2471
4551
2647
8053
3831
5365
8809
3942
2739
3823
8201
4430
9581
8719
8587
9351
6779
8064
2030
8802
6885
9656
9771
7982
1756
9831
3723
2778
9023
5625
1128
1306
2684
2899
3786
4405
5512
4944
4953
1930
8892
8919
3924
3226
3068
4975
5806
5804
6749
9230
6596
1453
7759
1690
6517
9644
8491
7842
3988
2425
1035
3127
6282
3871
8787
1182
8304
6590
8945
4442
1764
3892
8381
1770
8345
9097
8566
7716
1538
8116
3464
4604
5565
2731
2531
3714
5943
2951
9533
8287
9765
2269
8198
9862
8595
8178
4594
7228
9547
4167
2091
7386
8164
3983
9905
8237
4188
2874
7487
6400
4146
1397
4716
3853
3091
8955
1257
7155
2761
7528
9487
4687
2517
1298
8147
2349
7506
7380
4467
7079
8358
2219
9633
2066
4140
2738
8547
2794
3313
4049
6269
8681
1610
4801
4299
2923
6116
4407
5852
9516
6873
5122
4202
3130
5192
2745
8180
3996
7779
1710
5482
3842
8757
1619
1117
7694
8196
1923
1122
8475
9986
9220
7157
6701
2900
4339
7447
6466
4264
3301
7812
2313
7260
4371
2274
1596
5613
5821
5678
5229
4335
9930
5417
5820
3317
9596
2112
1118
7126
4652
1184
6986
2346
5552
9149
7920
2768
1404
9070
1540
7672
3489
7797
1672
9561
3382
2655
9267
2318
6050
6756
2314
8124
3561
9688
3722
7349
9572
5873
1824
8058
3487
2394
9659
8357
8028
1734
2553
4506
2829
2626
2129
4023
9021
2656
9056
5681
2012
4757
2248
6379
8318
7706
2050
2150
5667
6439
3138
5585
4847
1818
4342
2566
5328
3252
4885
1608
9391
3074
6092
1034
6872
1166
3502
3927
3958
4774
4853
2493
7668
8183
7737
9749
4917
9640
8603
3848
1005
3754
5799
7603
5886
3055
9168
7442
3154
7828
9122
8299
6904
7377
7321
2651
9485
7711
9889
8596
6049
5127
1428
5588
3019
4427
6395
7679
6709
8385
5650
6011
3756
8798
2423
2488
7011
2298
6063
1198
1718
8918
4936
6394
2068
9172
4458
9708
2279
4012
8932
9400
1762
8838
4314
5589
9145
4115
9494
1996
4938
5628
9849
5848
6125
6398
5375
7012
4090
9074
4600
9472
5326
3879
7871
6299
9231
5938
4902
3261
9524
8884
3957
7836
9796
5688
1555
4015
6733
7995
6259
8042
8722
7102
4255
2592
4864
6693
3695
5484
6564
6618
2857
2905
6566
6123
2351
4550
3219
8037
4846
1264
8626
4144
9297
8823
5407
6098
1472
3649
7688
4535
5526
3523
2431
7813
7810
7212
9116
3513
7971
3846
4866
9549
1719
7448
4065
8912
6528
3414
6950
8592
4514
5505
2476
8674
4365
7397
4979
5507
2239
3272
3010
1451
8097
1050
3231
3635
6602
1074
9668
6537
6292
3734
3963
4886
6666
7016
3419
7844
3399
9571
8462
2328
1067
9130
4904
5810
9993
4701
1495
1736
9402
8356
9387
4806
3546
4024
9527
5708
7516
4811
9390
1107
6578
6456
5679
5836
4879
5085
5143
9559
7753
2926
6855
1658
5387
2952
